# A-1R6J.cfn.gz	A-1R6J.gmec	divmin[3.0]
Iteration: 1
lambda=[0.0]
Solution: [0, 20, 10, 11, 0, 233, 4, 0, 4, 0, 18, 0, 0, 9, 17, 0, 0, 1, 0, 2, 0, 1, 57, 108, 0, 47, 288, 8, 9, 1, 0, 6, 0, 13, 8, 0, 0, 3, 2, 0, 1, 84, 8, 94, 27, 144, 0, 326, 0, 106, 62, 0, 1, 2, 0, 110, 0, 2, 0, 0, 27, 3, 0, 0, 0, 0, 1, 9, 8, 50, 0, 8, 0, 0, 8, 0, 3, 89, 341, 0, 0, 230]
q(lambda)= -174.374037
q_best= -174.374037
supergradient= [3.0]
Iteration: 2
lambda=[0.15000000000000002]
Solution: [0, 20, 117, 10, 0, 139, 4, 0, 4, 0, 18, 0, 0, 9, 17, 0, 0, 1, 0, 2, 0, 1, 57, 108, 0, 249, 288, 8, 9, 1, 0, 6, 0, 13, 8, 0, 0, 3, 2, 0, 1, 84, 4, 4, 27, 145, 0, 326, 0, 106, 62, 0, 1, 2, 0, 110, 0, 2, 0, 0, 27, 3, 0, 0, 0, 0, 1, 9, 8, 50, 0, 8, 0, 0, 8, 0, 3, 89, 341, 0, 0, 230]
q(lambda)= -174.25908800000002
q_best= -174.25908800000002
supergradient= [-1.0]
Iteration: 3
lambda=[0.10000000000000002]
Solution: [0, 20, 117, 10, 0, 139, 4, 0, 4, 0, 18, 0, 0, 9, 17, 0, 0, 1, 0, 2, 0, 1, 57, 108, 0, 47, 288, 8, 9, 1, 0, 6, 0, 13, 8, 0, 0, 3, 2, 0, 1, 84, 4, 4, 27, 144, 0, 326, 0, 106, 62, 0, 1, 2, 0, 110, 0, 2, 0, 0, 27, 3, 0, 0, 0, 0, 1, 9, 8, 50, 0, 8, 0, 0, 8, 0, 3, 89, 341, 0, 0, 230]
q(lambda)= -174.23625099999998
q_best= -174.23625099999998
supergradient= [0.0]
Optimum reached in 3steps: [0, 20, 117, 10, 0, 139, 4, 0, 4, 0, 18, 0, 0, 9, 17, 0, 0, 1, 0, 2, 0, 1, 57, 108, 0, 47, 288, 8, 9, 1, 0, 6, 0, 13, 8, 0, 0, 3, 2, 0, 1, 84, 4, 4, 27, 144, 0, 326, 0, 106, 62, 0, 1, 2, 0, 110, 0, 2, 0, 0, 27, 3, 0, 0, 0, 0, 1, 9, 8, 50, 0, 8, 0, 0, 8, 0, 3, 89, 341, 0, 0, 230]
Best for lambda= [0.10000000000000002] qbest= -174.23625099999998 and sol:
[0, 20, 117, 10, 0, 139, 4, 0, 4, 0, 18, 0, 0, 9, 17, 0, 0, 1, 0, 2, 0, 1, 57, 108, 0, 47, 288, 8, 9, 1, 0, 6, 0, 13, 8, 0, 0, 3, 2, 0, 1, 84, 4, 4, 27, 144, 0, 326, 0, 106, 62, 0, 1, 2, 0, 110, 0, 2, 0, 0, 27, 3, 0, 0, 0, 0, 1, 9, 8, 50, 0, 8, 0, 0, 8, 0, 3, 89, 341, 0, 0, 230]
qbest_list: 
[-174.374037, -174.25908800000002, -174.23625099999998]