# A-1O4C.cfn.gz	A-1O4C.gmec	divmin[3.0]
Iteration: 1
lambda=[0.0]
Solution: [9, 3, 10, 0, 3, 15, 1, 3, 2, 0, 0, 2, 9, 1, 2, 3, 27, 0, 0, 0, 0, 0, 2, 0, 0, 4, 0, 0, 0, 4, 0, 62, 369, 166, 28, 7, 1, 8, 3, 0, 0, 0, 114, 59, 144, 33, 0, 28, 0, 0, 0, 0, 0, 1, 0, 0, 2, 0, 1, 0, 0, 1, 346, 5, 84, 0, 5, 9, 0, 0, 287, 5, 90, 44, 9, 0, 3, 4, 49, 24, 206, 173, 20, 0, 88, 87, 190, 0, 129, 15, 0, 14, 0, 0, 0, 1, 3, 7, 6, 3, 28, 26, 0, 1, 0]
q(lambda)= -146.638128
q_best= -146.638128
supergradient= [3.0]
Iteration: 2
lambda=[0.30000000000000004]
Solution: [9, 3, 10, 0, 3, 15, 1, 3, 2, 0, 0, 2, 9, 1, 2, 3, 27, 0, 0, 0, 0, 0, 2, 0, 0, 4, 0, 0, 0, 4, 0, 62, 369, 0, 347, 7, 1, 8, 3, 0, 0, 0, 114, 310, 144, 33, 0, 28, 0, 0, 0, 0, 0, 1, 0, 0, 2, 0, 1, 0, 0, 1, 346, 5, 381, 0, 5, 9, 0, 0, 287, 5, 90, 44, 9, 0, 3, 4, 50, 7, 10, 173, 87, 17, 86, 87, 15, 0, 129, 15, 0, 14, 0, 0, 0, 1, 3, 7, 6, 3, 28, 26, 0, 1, 0]
q(lambda)= -147.407239
q_best= -146.638128
supergradient= [-6.0]
Iteration: 3
lambda=[0]
Solution: [9, 3, 10, 0, 3, 15, 1, 3, 2, 0, 0, 2, 9, 1, 2, 3, 27, 0, 0, 0, 0, 0, 2, 0, 0, 4, 0, 0, 0, 4, 0, 62, 369, 166, 28, 7, 1, 8, 3, 0, 0, 0, 114, 59, 144, 33, 0, 28, 0, 0, 0, 0, 0, 1, 0, 0, 2, 0, 1, 0, 0, 1, 346, 5, 84, 0, 5, 9, 0, 0, 287, 5, 90, 44, 9, 0, 3, 4, 49, 24, 206, 173, 20, 0, 88, 87, 190, 0, 129, 15, 0, 14, 0, 0, 0, 1, 3, 7, 6, 3, 28, 26, 0, 1, 0]
q(lambda)= -146.638128
q_best= -146.638128
supergradient= [3.0]
Iteration: 4
lambda=[0.1]
Solution: [9, 3, 10, 0, 3, 15, 1, 3, 2, 0, 0, 2, 9, 1, 2, 3, 27, 0, 0, 0, 0, 0, 2, 0, 0, 4, 0, 0, 0, 4, 0, 62, 369, 0, 28, 7, 1, 8, 3, 0, 0, 0, 114, 310, 144, 33, 0, 28, 0, 0, 0, 0, 0, 1, 0, 0, 2, 0, 1, 0, 0, 1, 346, 5, 381, 0, 5, 9, 0, 0, 287, 5, 90, 44, 9, 0, 3, 4, 49, 24, 206, 173, 20, 0, 88, 87, 190, 0, 129, 15, 0, 14, 0, 0, 0, 1, 3, 7, 6, 3, 28, 26, 0, 1, 0]
q(lambda)= -146.49493099999998
q_best= -146.49493099999998
supergradient= [0.0]
Optimum reached in 4steps: [9, 3, 10, 0, 3, 15, 1, 3, 2, 0, 0, 2, 9, 1, 2, 3, 27, 0, 0, 0, 0, 0, 2, 0, 0, 4, 0, 0, 0, 4, 0, 62, 369, 0, 28, 7, 1, 8, 3, 0, 0, 0, 114, 310, 144, 33, 0, 28, 0, 0, 0, 0, 0, 1, 0, 0, 2, 0, 1, 0, 0, 1, 346, 5, 381, 0, 5, 9, 0, 0, 287, 5, 90, 44, 9, 0, 3, 4, 49, 24, 206, 173, 20, 0, 88, 87, 190, 0, 129, 15, 0, 14, 0, 0, 0, 1, 3, 7, 6, 3, 28, 26, 0, 1, 0]
Best for lambda= 0.1 qbest= -146.49493099999998 min_div= 3.0 and sol:
[9, 3, 10, 0, 3, 15, 1, 3, 2, 0, 0, 2, 9, 1, 2, 3, 27, 0, 0, 0, 0, 0, 2, 0, 0, 4, 0, 0, 0, 4, 0, 62, 369, 0, 28, 7, 1, 8, 3, 0, 0, 0, 114, 310, 144, 33, 0, 28, 0, 0, 0, 0, 0, 1, 0, 0, 2, 0, 1, 0, 0, 1, 346, 5, 381, 0, 5, 9, 0, 0, 287, 5, 90, 44, 9, 0, 3, 4, 49, 24, 206, 173, 20, 0, 88, 87, 190, 0, 129, 15, 0, 14, 0, 0, 0, 1, 3, 7, 6, 3, 28, 26, 0, 1, 0]
qbest_list: 
[-146.638128, -146.638128, -146.638128, -146.49493099999998]