# A-1BM2.cfn.gz	A-1BM2.gmec	divmin[3.0]
Iteration: 1
lambda=[0.0]
Solution: [289, 227, 0, 1, 0, 84, 7, 224, 0, 0, 2, 1, 0, 0, 4, 0, 0, 9, 3, 0, 22, 0, 1, 5, 13, 0, 0, 0, 0, 124, 148, 115, 234, 8, 3, 27, 0, 1, 0, 0, 399, 8, 146, 33, 337, 1, 1, 0, 3, 1, 0, 4, 0, 1, 0, 284, 0, 20, 7, 0, 0, 0, 0, 348, 0, 0, 2, 0, 0, 0, 45, 0, 10, 0, 0, 0, 0, 0, 26, 0, 5, 3, 9, 4, 11, 1, 9, 7, 0, 2, 0, 0, 0, 1, 0, 10, 4, 16]
q(lambda)= -145.982319
q_best= -145.982319
supergradient= [3.0]
Iteration: 2
lambda=[0.30000000000000004]
Solution: [11, 227, 0, 1, 0, 42, 7, 158, 0, 1, 2, 1, 0, 0, 4, 0, 0, 9, 3, 0, 22, 0, 1, 5, 13, 0, 0, 0, 0, 124, 148, 115, 48, 8, 3, 27, 0, 1, 0, 0, 399, 8, 146, 33, 337, 1, 1, 0, 3, 1, 0, 4, 0, 1, 0, 284, 0, 20, 7, 0, 0, 0, 0, 348, 0, 0, 2, 0, 0, 0, 45, 0, 10, 0, 0, 0, 0, 0, 7, 0, 5, 3, 9, 4, 11, 1, 9, 7, 0, 2, 0, 0, 0, 1, 0, 10, 4, 16]
q(lambda)= -145.892469
q_best= -145.892469
supergradient= [-2.0]
Iteration: 3
lambda=[0.20000000000000004]
Solution: [289, 227, 0, 1, 0, 42, 7, 158, 0, 1, 2, 1, 0, 0, 4, 0, 0, 9, 3, 0, 22, 0, 1, 5, 13, 0, 0, 0, 0, 124, 148, 115, 48, 8, 3, 27, 0, 1, 0, 0, 399, 8, 146, 33, 337, 1, 1, 0, 3, 1, 0, 4, 0, 1, 0, 284, 0, 20, 7, 0, 0, 0, 0, 348, 0, 0, 2, 0, 0, 0, 45, 0, 10, 0, 0, 0, 0, 0, 7, 0, 5, 3, 9, 4, 11, 1, 9, 7, 0, 2, 0, 0, 0, 1, 0, 10, 4, 16]
q(lambda)= -145.743703
q_best= -145.743703
supergradient= [-1.0]
Iteration: 4
lambda=[0.1666666666666667]
Solution: [289, 227, 0, 1, 0, 42, 7, 158, 0, 0, 2, 1, 0, 0, 4, 0, 0, 9, 3, 0, 22, 0, 1, 5, 13, 0, 0, 0, 0, 124, 148, 115, 234, 8, 3, 27, 0, 1, 0, 0, 399, 8, 146, 33, 337, 1, 1, 0, 3, 1, 0, 4, 0, 1, 0, 284, 0, 20, 7, 0, 0, 0, 0, 348, 0, 0, 2, 0, 0, 0, 45, 0, 10, 0, 0, 0, 0, 0, 7, 0, 5, 3, 9, 4, 11, 1, 9, 7, 0, 2, 0, 0, 0, 1, 0, 10, 4, 16]
q(lambda)= -145.733163
q_best= -145.733163
supergradient= [0.0]
Optimum reached in 4steps: [289, 227, 0, 1, 0, 42, 7, 158, 0, 0, 2, 1, 0, 0, 4, 0, 0, 9, 3, 0, 22, 0, 1, 5, 13, 0, 0, 0, 0, 124, 148, 115, 234, 8, 3, 27, 0, 1, 0, 0, 399, 8, 146, 33, 337, 1, 1, 0, 3, 1, 0, 4, 0, 1, 0, 284, 0, 20, 7, 0, 0, 0, 0, 348, 0, 0, 2, 0, 0, 0, 45, 0, 10, 0, 0, 0, 0, 0, 7, 0, 5, 3, 9, 4, 11, 1, 9, 7, 0, 2, 0, 0, 0, 1, 0, 10, 4, 16]
Best for lambda= 0.1666666666666667 qbest= -145.733163 min_div= 3.0 and sol:
[289, 227, 0, 1, 0, 42, 7, 158, 0, 0, 2, 1, 0, 0, 4, 0, 0, 9, 3, 0, 22, 0, 1, 5, 13, 0, 0, 0, 0, 124, 148, 115, 234, 8, 3, 27, 0, 1, 0, 0, 399, 8, 146, 33, 337, 1, 1, 0, 3, 1, 0, 4, 0, 1, 0, 284, 0, 20, 7, 0, 0, 0, 0, 348, 0, 0, 2, 0, 0, 0, 45, 0, 10, 0, 0, 0, 0, 0, 7, 0, 5, 3, 9, 4, 11, 1, 9, 7, 0, 2, 0, 0, 0, 1, 0, 10, 4, 16]
qbest_list: 
[-145.982319, -145.892469, -145.743703, -145.733163]